Warehouse;Minimum Qty;Minimum Stock Requirement Retail - FH;Minimum Stock Requirement Retail - HW;Minimum Stock Requirement Retail - ZTE;Minimum Stock Requirement Retail - ALU;Minimum Stock Requirement Retail - TOTAL;Minimum Stock Requirement Premium - FH;Minimum Stock Requirement Premium - HW;Minimum Stock Requirement Premium - ZTE;Minimum Stock Requirement Premium - TOTAL;Stock SCMT Retail - FH;Stock SCMT Retail - HW;Stock SCMT Retail - ZTE;Stock SCMT Retail - ALU;Stock SCMT Retail - TOTAL;Stock SCMT Premium - FH;Stock SCMT Premium - HW;Stock SCMT Premium - ZTE;Stock SCMT Premium - TOTAL;Gap Stock Retail - FH;Gap Stock Retail - HW;Gap Stock Retail - ZTE;Gap Stock Retail - ALU;Gap Stock Retail - TOTAL;Gap Stock Premium - FH;Gap Stock Premium - HW;Gap Stock Premium - ZTE;Gap Stock Premium - TOTAL
TA WITEL CCAN BANGKA BELITUNG (PANGKAL PINANG) WH;190;0;30;80;0;110;0;25;55;80;0;0;40;0;40;12;0;90;102;0;-30;-40;0;-70;12;-25;35;22
TA SO CCAN KOBA WH ;45;0;0;25;0;25;0;0;20;20;0;0;0;0;0;0;0;0;0;0;0;-25;0;-25;0;0;-20;-20
TA SO CCAN MENTOK WH;50;0;0;30;0;30;0;0;20;20;0;0;82;0;82;3;0;49;52;0;0;52;0;52;3;0;29;32
TA SO CCAN SUNGAI LIAT WH;60;0;0;40;0;40;0;0;20;20;50;0;43;0;93;5;0;28;33;50;0;3;0;53;5;0;8;13
TA SO CCAN TANJUNG PANDAN WH;110;0;30;40;0;70;0;20;20;40;17;0;0;0;17;17;0;26;43;17;-30;-40;0;-53;17;-20;6;3
TA WITEL CCAN BENGKULU (BENGKULU) WH;130;0;30;30;0;60;0;35;35;70;0;0;10;0;10;14;0;40;54;0;-30;-20;0;-50;14;-35;5;-16
TA SO CCAN BENGKULU WH;80;0;20;20;0;40;0;20;20;40;0;0;11;0;11;4;0;0;4;0;-20;-9;0;-29;4;-20;-20;-36
TA SO CCAN CURUP WH;80;0;20;20;0;40;0;20;20;40;0;0;22;0;22;5;0;10;15;0;-20;2;0;-18;5;-20;-10;-25
TA SO CCAN IPUH WH;50;0;0;20;0;20;0;0;30;30;0;0;114;0;114;0;0;5;5;0;0;94;0;94;0;0;-25;-25
TA SO CCAN MANNA WH;80;0;20;20;0;40;0;20;20;40;0;0;12;0;12;1;0;26;27;0;-20;-8;0;-28;1;-20;6;-13
TA WITEL CCAN JAMBI WH;245;0;50;110;0;160;0;25;60;85;40;0;100;0;140;10;0;215;225;40;-50;-10;0;-20;10;-25;155;140
TA SO CCAN MUARA BUNGO WH;50;0;0;25;0;25;0;0;25;25;4;1;107;0;112;69;0;61;130;4;1;82;0;87;69;0;36;105
TA SO CCAN SAROLANGUN WH;40;0;0;20;0;20;0;0;20;20;36;2;35;0;73;3;0;38;41;36;2;15;0;53;3;0;18;21
TA SO CCAN RMT KUALA TUNGKAL WH;40;0;0;20;0;20;0;0;20;20;0;0;0;0;0;0;0;0;0;0;0;-20;0;-20;0;0;-20;-20
TA SO CCAN RMT SUNGAI PENUH WH;0;0;0;0;0;0;0;0;0;0;0;0;0;0;0;0;0;0;0;0;0;0;0;0;0;0;0;0
TA WITEL CCAN LAMPUNG (BANDAR LAMPUNG) WH;320;0;120;100;0;220;0;55;45;100;0;0;90;0;90;40;0;31;71;0;-120;-10;0;-130;40;-55;-14;-29
TA SO CCAN KOTA BUMI WH;85;0;25;20;0;45;0;20;20;40;20;5;44;0;69;0;0;20;20;20;-20;24;0;24;0;-20;0;-20
TA SO CCAN LIWA WH;80;0;20;20;0;40;0;20;20;40;40;2;134;0;176;1;0;53;54;40;-18;114;0;136;1;-20;33;14
TA SO CCAN METRO WH;85;0;25;20;0;45;0;20;20;40;79;0;35;0;114;0;0;0;0;79;-25;15;0;69;0;-20;-20;-40
TA SO CCAN UNIT 2 WH;80;0;20;20;0;40;0;20;20;40;40;1;109;0;150;0;0;6;6;40;-19;89;0;110;0;-20;-14;-34
TA SO CCAN GEDONG TATAAN (GDT) WH;0;0;0;0;0;0;0;0;0;0;0;0;0;0;0;0;0;0;0;0;0;0;0;0;0;0;0;0
TA WITEL CCAN NAD (ACEH) WH;320;0;185;20;0;205;0;95;20;115;0;0;0;0;0;24;0;70;94;0;-185;-20;0;-205;24;-95;50;-21
TA SO CCAN LANGSA WH;100;0;35;20;0;55;0;25;20;45;0;0;6;0;6;2;0;1;3;0;-35;-14;0;-49;2;-25;-19;-42
TA SO CCAN LHOKSEUMAWE WH;85;0;25;20;0;45;0;20;20;40;9;1;6;0;16;2;0;7;9;9;-24;-14;0;-29;2;-20;-13;-31
TA SO CCAN MEULABOH WH;95;0;35;20;0;55;0;20;20;40;0;0;18;0;18;1;0;29;30;0;-35;-2;0;-37;1;-20;9;-10
TA SO CCAN TAPAKTUAN WH;50;0;30;0;0;30;0;20;0;20;3;0;13;0;16;18;0;0;18;3;-30;13;0;-14;18;-20;0;-2
TA SO CCAN TAKENGON WH;60;0;20;20;0;40;0;0;20;20;3;0;3;0;6;0;0;25;25;3;-20;-17;0;-34;0;0;5;5
TA SO CCAN SIGLI (SGI) WH;80;0;20;20;0;40;0;20;20;40;0;0;0;0;0;0;0;0;0;0;-20;-20;0;-40;0;-20;-20;-40
TA SO CCAN BIREUN (BIR) WH;0;0;0;0;0;0;0;0;0;0;0;0;0;0;0;0;0;0;0;0;0;0;0;0;0;0;0;0
TA WITEL CCAN RIAU DARATAN (PEKANBARU) WH;460;0;100;150;0;250;0;105;105;210;0;0;30;0;30;0;0;280;280;0;-100;-120;0;-220;0;-105;175;70
TA SO CCAN ARENGKA WH;185;0;20;20;0;40;0;65;80;145;16;13;40;0;69;1;0;108;109;16;-7;20;0;29;1;-65;28;-36
TA SO CCAN RENGAT WH;80;0;20;20;0;40;0;20;20;40;67;0;14;0;81;0;0;22;22;67;-20;-6;0;41;0;-20;2;-18
TA SO CCAN RUMBAI WH;80;0;20;20;0;40;0;20;20;40;3;2;66;0;71;0;0;40;40;3;-18;46;0;31;0;-20;20;0
TA SO CCAN DUMAI WH;80;0;20;20;0;40;0;20;20;40;28;0;0;0;28;0;0;31;31;28;-20;-20;0;-12;0;-20;11;-9
TA SO CCAN DURI WH;80;0;20;20;0;40;0;20;20;40;0;0;11;0;11;0;0;31;31;0;-20;-9;0;-29;0;-20;11;-9
TA SO CCAN TEMBILAHAN WH;80;0;20;20;0;40;0;20;20;40;48;4;72;0;124;2;0;5;7;48;-16;52;0;84;2;-20;-15;-33
TA SO CCAN UJUNG BATU WH;80;0;20;20;0;40;0;20;20;40;2;0;10;0;12;0;0;20;20;2;-20;-10;0;-28;0;-20;0;-20
TA SO RMT CCAN TELUK KUANTAN WH;0;0;0;0;0;0;0;0;0;0;0;0;0;0;0;0;0;0;0;0;0;0;0;0;0;0;0;0
TA WITEL CCAN RIAU KEPULAUAN (BATAM) WH;120;0;50;50;0;100;0;0;20;20;0;0;0;0;0;0;0;0;0;0;-50;-50;0;-100;0;0;-20;-20
TA SO CCAN BATAM CENTRE WH;80;0;20;20;0;40;0;20;20;40;2;0;0;0;2;0;0;5;5;2;-20;-20;0;-38;0;-20;-15;-35
TA SO CCAN SAGULUNG WH;80;0;20;20;0;40;0;20;20;40;2;1;6;0;9;0;0;6;6;2;-19;-14;0;-31;0;-20;-14;-34
TA SO CCAN TANJUNG BALAI KARIMUN WH;80;0;20;20;0;40;0;20;20;40;3;0;3;0;6;3;0;27;30;3;-20;-17;0;-34;3;-20;7;-10
TA SO CCAN TANJUNG PINANG WH;60;0;20;20;0;40;0;0;20;20;7;2;5;0;14;0;0;11;11;7;-18;-15;0;-26;0;0;-9;-9
TA WITEL CCAN SUMATERA BARAT (PADANG) WH;410;0;100;150;0;250;0;140;20;160;0;4;0;0;4;0;0;27;27;0;-96;-150;0;-246;0;-140;7;-133
TA SO CCAN PADANG WH;55;0;35;0;0;35;0;20;0;20;45;1;43;0;89;14;0;35;49;45;-34;43;0;54;14;-20;35;29
TA SO CCAN ULAKARANG WH;185;0;35;20;0;55;0;110;20;130;0;0;19;0;19;0;0;34;34;0;-35;-1;0;-36;0;-110;14;-96
TA SO CCAN BUKITTINGGI WH;80;0;20;20;0;40;0;20;20;40;30;0;0;0;30;0;0;19;19;30;-20;-20;0;-10;0;-20;-1;-21
TA SO CCAN PAYAKUMBUH WH;80;0;20;20;0;40;0;20;20;40;1;0;34;0;35;24;0;104;128;1;-20;14;0;-5;24;-20;84;88
TA SO CCAN SOLOK WH;55;0;35;0;0;35;0;20;0;20;40;3;6;0;49;6;0;30;36;40;-32;6;0;14;6;-20;30;16
TA SO RMT CCAN BATUSANGKAR (BSK) WH;40;0;20;0;0;20;0;20;0;20;0;0;0;0;0;0;0;0;0;0;-20;0;0;-20;0;-20;0;-20
TA SO RMT CCAN PADANG PANJANG (PPJ) WH;60;0;20;20;0;40;0;0;20;20;0;0;0;0;0;0;0;0;0;0;-20;-20;0;-40;0;0;-20;-20
TA WITEL CCAN SUMATERA SELATAN (PALEMBANG) WH;380;0;100;150;0;250;0;65;65;130;20;0;0;0;20;34;0;85;119;20;-100;-150;0;-230;34;-65;20;-11
TA SO CCAN BATURAJA WH;80;0;20;20;0;40;0;20;20;40;0;19;11;0;30;0;0;6;6;0;-1;-9;0;-10;0;-20;-14;-34
TA SO CCAN LAHAT WH;80;0;20;20;0;40;0;20;20;40;9;3;17;0;29;7;0;36;43;9;-17;-3;0;-11;7;-20;16;3
TA SO CCAN LUBUK LINGGAU WH;45;0;0;25;0;25;0;0;20;20;51;0;54;0;105;0;0;9;9;51;0;29;0;80;0;0;-11;-11
TA SO CCAN PRABUMULIH WH;80;0;20;20;0;40;0;20;20;40;21;0;7;0;28;0;0;25;25;21;-20;-13;0;-12;0;-20;5;-15
TA SO CCAN KAYUAGUNG WH;80;0;20;20;0;40;0;20;20;40;0;0;38;0;38;23;0;29;52;0;-20;18;0;-2;23;-20;9;12
TA SO CCAN KENTEN UJUNG WH;80;0;20;20;0;40;0;20;20;40;20;0;44;0;64;10;0;72;82;20;-20;24;0;24;10;-20;52;42
TA SO CCAN MUARA ENIM;40;0;0;20;0;20;0;0;20;20;40;0;53;0;93;0;0;20;20;40;0;33;0;73;0;0;0;0
TA SO CCAN PALEMBANG CENTRUM WH;80;0;20;20;0;40;0;20;20;40;0;0;152;0;152;0;0;18;18;0;-20;132;0;112;0;-20;-2;-22
TA SO CCAN SEBRANG ULU WH;100;0;20;20;0;40;0;25;35;60;40;0;23;0;63;25;0;58;83;40;-20;3;0;23;25;-25;23;23
TA SO CCAN SEKAYU WH;40;0;0;20;0;20;0;0;20;20;5;10;81;0;96;10;0;6;16;5;10;61;0;76;10;0;-14;-4
TA SO CCAN TALANG KELAPA WH;60;0;20;20;0;40;0;0;20;20;53;0;0;0;53;22;0;51;73;53;-20;-20;0;13;22;0;31;53
TA WITEL CCAN SUMUT BARAT (MEDAN) WH;400;0;150;100;0;250;0;100;50;150;0;0;20;0;20;24;0;40;64;0;-150;-80;0;-230;24;-100;-10;-86
TA SO CCAN BINJAI WH;80;0;20;20;0;40;0;20;20;40;3;0;16;0;19;0;0;3;3;3;-20;-4;0;-21;0;-20;-17;-37
TA SO CCAN PADANG BULAN WH;90;0;20;20;0;40;0;30;20;50;3;0;0;0;3;0;0;19;19;3;-20;-20;0;-37;0;-30;-1;-31
TA SO CCAN PULO BRAYAN WH;85;0;20;20;0;40;0;25;20;45;12;0;13;0;25;0;0;13;13;12;-20;-7;0;-15;0;-25;-7;-32
TA SO CCAN TANJUNG MULIA WH;80;0;20;20;0;40;0;20;20;40;12;0;9;0;21;1;0;33;34;12;-20;-11;0;-19;1;-20;13;-6
TA SO CCAN CINTA DAMAI WH;95;0;20;20;0;40;0;35;20;55;3;1;40;0;44;0;0;14;14;3;-19;20;0;4;0;-35;-6;-41
TA SO CCAN LUBUK PAKAM WH;80;0;20;20;0;40;0;20;20;40;51;2;76;0;129;16;0;21;37;51;-18;56;0;89;16;-20;1;-3
TA SO CCAN SIMPANG LIMUN WH;60;0;20;20;0;40;0;0;20;20;4;0;15;0;19;0;0;1;1;4;-20;-5;0;-21;0;0;-19;-19
TA WITEL CCAN SUMUT TIMUR (PEMATANG SIANTAR) WH;335;0;185;25;0;210;0;105;20;125;0;0;0;0;0;56;0;0;56;0;-185;-25;0;-210;56;-105;-20;-69
TA SO CCAN KABANJAHE WH;40;0;0;20;0;20;0;0;20;20;4;0;0;0;4;1;0;66;67;4;0;-20;0;-16;1;0;46;47
TA SO CCAN KISARAN WH;45;0;25;0;0;25;0;20;0;20;5;1;11;0;17;0;0;23;23;5;-24;11;0;-8;0;-20;23;3
TA SO CCAN PADANG SIDEMPUAN WH;55;0;35;0;0;35;0;20;0;20;0;0;4;0;4;0;0;7;7;0;-35;4;0;-31;0;-20;7;-13
TA SO CCAN RANTAU PRAPAT WH;85;0;25;20;0;45;0;20;20;40;2;0;65;0;67;1;0;42;43;2;-25;45;0;22;1;-20;22;3
TA SO CCAN SIBOLGA WH;45;0;25;0;0;25;0;20;0;20;5;10;41;0;56;0;0;58;58;5;-15;41;0;31;0;-20;58;38
WH SO RMT SIDIKALANG;0;0;0;0;0;0;0;0;0;0;0;0;0;0;0;0;0;0;0;0;0;0;0;0;0;0;0;0
WH SO RMT GUNUNG SITOLI;40;0;0;20;0;20;0;0;20;20;0;0;0;0;0;0;0;0;0;0;0;-20;0;-20;0;0;-20;-20
WH SO RMT TEBING TINGGI;80;0;20;20;0;40;0;20;20;40;0;0;0;0;0;0;0;0;0;0;-20;-20;0;-40;0;-20;-20;-40
WH SO RMT DOLOK SANGGUL;40;0;20;0;0;20;0;20;0;20;0;0;0;0;0;0;0;0;0;0;-20;0;0;-20;0;-20;0;-20
WH TR TREG 2;0;0;0;0;0;0;0;0;0;0;0;0;0;0;0;0;0;0;0;0;0;0;0;0;0;0;0;0
TA WITEL CCAN JABAR BARAT UTARA (BEKASI) WH;465;50;100;100;0;250;60;105;50;215;0;0;0;0;0;120;0;14;134;-50;-100;-100;0;-250;60;-105;-36;-81
TA SO CCAN SUKARESMI WH;120;20;20;20;0;60;20;20;20;60;5;1;0;0;6;11;0;11;22;-15;-19;-20;0;-54;-9;-20;-9;-38
TA SO CCAN BANTAR GEBANG WH;45;10;10;5;0;25;5;10;5;20;33;1;7;0;41;31;0;1;32;23;-9;2;0;16;26;-10;-4;12
TA SO CCAN BEKASI JUANDA WH;45;10;10;5;0;25;0;0;20;20;12;16;1;0;29;18;0;0;18;2;6;-4;0;4;18;0;-20;-2
TA SO CCAN CIBITUNG WH;45;10;10;5;0;25;5;10;5;20;3;2;1;0;6;15;0;6;21;-7;-8;-4;0;-19;10;-10;1;1
TA SO CCAN CIKARANG WH;50;10;10;5;0;25;10;10;5;25;2;12;4;0;18;31;0;1;32;-8;2;-1;0;-7;21;-10;-4;7
TA SO CCAN JABABEKA WH;45;10;10;5;0;25;5;5;10;20;9;4;1;0;14;14;0;4;18;-1;-6;-4;0;-11;9;-5;-6;-2
TA SO CCAN KALIABANG WH;45;10;10;5;0;25;5;10;5;20;1;1;33;0;35;26;0;0;26;-9;-9;28;0;10;21;-10;-5;6
TA SO CCAN KRANJI WH;55;10;10;5;0;25;10;15;5;30;3;0;12;0;15;17;0;0;17;-7;-10;7;0;-10;7;-15;-5;-13
TA SO CCAN PEKAYON WH;45;10;10;5;0;25;5;10;5;20;1;0;15;0;16;31;0;1;32;-9;-10;10;0;-9;26;-10;-4;12
TA SO CCAN PONDOK GEDE WH;120;20;20;20;0;60;20;20;20;60;29;0;2;0;31;10;0;0;10;9;-20;-18;0;-29;-10;-20;-20;-50
TA WITEL CCAN JABAR BARAT (BOGOR) WH;400;100;50;100;0;250;50;50;50;150;0;0;0;0;0;79;0;35;114;-100;-50;-100;0;-250;29;-50;-15;-36
TA SO CCAN BOGOR CENTRUM WH;80;20;0;20;0;40;20;0;20;40;0;21;2;0;23;8;0;20;28;-20;21;-18;0;-17;-12;0;0;-12
TA SO CCAN CIBINONG WH;120;20;20;20;0;60;20;20;20;60;18;2;15;0;35;48;0;18;66;-2;-18;-5;0;-25;28;-20;-2;6
TA SO CCAN DEPOK WH;120;20;20;20;0;60;20;20;20;60;41;2;13;0;56;98;0;16;114;21;-18;-7;0;-4;78;-20;-4;54
TA SO CCAN GUNUNG PUTRI WH;120;20;20;20;0;60;20;20;20;60;0;59;0;0;59;13;0;27;40;-20;39;-20;0;-1;-7;-20;7;-20
TA SO CCAN SUKMAJAYA WH;125;20;20;25;0;65;20;20;20;60;41;6;27;0;74;68;0;80;148;21;-14;2;0;9;48;-20;60;88
TA SO CCAN CIAWI WH;20;0;0;10;0;10;0;0;10;10;14;0;1;0;15;0;0;1;1;14;0;-9;0;5;0;0;-9;-9
TA SO CCAN CILEUNGSI WH;20;0;0;10;0;10;0;0;10;10;28;15;3;0;46;26;0;18;44;28;15;-7;0;36;26;0;8;34
TA SO CCAN CISARUA WH;45;5;5;15;0;25;5;5;10;20;10;1;1;0;12;0;0;0;0;5;-4;-14;0;-13;-5;-5;-10;-20
TA SO CCAN DRAMAGA WH;45;5;5;15;0;25;5;5;10;20;0;18;0;0;18;0;0;1;1;-5;13;-15;0;-7;-5;-5;-9;-19
TA SO CCAN KEDUNG HALANG WH;40;5;5;10;0;20;0;0;20;20;0;0;3;0;3;38;0;0;38;-5;-5;-7;0;-17;38;0;-20;18
TA SO CCAN SEMPLAK WH;110;20;20;30;0;70;20;0;20;40;48;1;1;0;50;50;0;1;51;28;-19;-29;0;-20;30;0;-19;11
TA WITEL CCAN JAKARTA BARAT WH;400;50;100;100;0;250;50;50;50;150;0;0;0;5;5;242;0;106;348;-50;-100;-100;5;-245;192;-50;56;198
TA SO CCAN CENGKARENG A WH;155;20;30;20;0;70;20;45;20;85;0;0;28;0;28;7;0;3;10;-20;-30;8;0;-42;-13;-45;-17;-75
TA SO CCAN PALMERAH WH;120;20;20;20;0;60;20;20;20;60;0;0;9;0;9;39;0;5;44;-20;-20;-11;0;-51;19;-20;-15;-16
TA SO CCAN KEDOYA WH;45;5;10;10;0;25;5;5;10;20;0;2;30;0;32;39;0;1;40;-5;-8;20;0;7;34;-5;-9;20
TA SO CCAN MERUYA WH;240;50;50;50;0;150;30;30;30;90;0;0;1;0;1;52;0;9;61;-50;-50;-49;0;-149;22;-30;-21;-29
TA WITEL CCAN JAKARTA PUSAT WH;365;150;0;100;0;250;85;0;30;115;0;0;30;0;30;303;0;112;415;-150;0;-70;0;-220;218;0;82;300
TA SO CCAN CEMPAKA PUTIH WH;230;40;0;20;0;60;150;0;20;170;2;19;8;0;29;176;0;15;191;-38;19;-12;0;-31;26;0;-5;21
TA SO CCAN CIDENG WH;110;20;0;20;0;40;35;0;35;70;6;68;0;0;74;12;0;41;53;-14;68;-20;0;34;-23;0;6;-17
TA SO CCAN CIKINI WH;220;75;0;75;0;150;40;0;30;70;10;0;18;0;28;31;0;43;74;-65;0;-57;0;-122;-9;0;13;4
TA SO CCAN GAMBIR WH;200;75;0;75;0;150;20;0;30;50;4;0;21;0;25;3;0;41;44;-71;0;-54;0;-125;-17;0;11;-6
TA SO CCAN KEMAYORAN WH;200;75;0;75;0;150;20;0;30;50;45;16;81;0;142;57;0;0;57;-30;16;6;0;-8;37;0;-30;7
TA WITEL CCAN JAKARTA SELATAN WH;400;150;50;50;0;250;50;50;50;150;0;0;0;0;0;319;0;94;413;-150;-50;-50;0;-250;269;-50;44;263
TA SO CCAN CIPETE WH;100;35;0;20;0;55;25;0;20;45;10;17;3;0;30;12;0;14;26;-25;17;-17;0;-25;-13;0;-6;-19
TA SO CCAN JAGAKARSA WH;120;20;20;20;0;60;20;20;20;60;5;3;13;0;21;45;0;10;55;-15;-17;-7;0;-39;25;-20;-10;-5
TA SO CCAN KEBAYORAN BARU WH;125;25;20;20;0;65;20;20;20;60;17;2;0;0;19;16;0;19;35;-8;-18;-20;0;-46;-4;-20;-1;-25
TA SO CCAN PASAR MINGGU WH;80;20;0;20;0;40;20;0;20;40;6;4;2;0;12;13;0;8;21;-14;4;-18;0;-28;-7;0;-12;-19
TA SO CCAN TEBET WH;80;20;0;20;0;40;20;0;20;40;20;9;12;0;41;14;0;14;28;0;9;-8;0;1;-6;0;-6;-12
TA SO CCAN BINTARO WH;95;20;0;5;0;25;60;0;10;70;30;0;2;0;32;73;0;16;89;10;0;-3;0;7;13;0;6;19
TA SO CCAN KALIBATA WH;40;0;0;20;0;20;0;0;20;20;2;12;4;0;18;3;0;19;22;2;12;-16;0;-2;3;0;-1;2
TA SO CCAN KEMANG WH;200;75;0;75;0;150;20;0;30;50;34;3;0;0;37;28;0;6;34;-41;3;-75;0;-113;8;0;-24;-16
TA WITEL CCAN JAKARTA TIMUR WH;465;75;100;75;0;250;60;105;50;215;0;0;0;0;0;288;0;250;538;-75;-100;-75;0;-250;228;-105;200;323
TA SO CCAN GANDARIA WH;120;20;20;20;0;60;20;20;20;60;19;3;13;0;35;56;0;31;87;-1;-17;-7;0;-25;36;-20;11;27
TA SO CCAN JATINEGARA WH;120;20;20;20;0;60;20;20;20;60;4;0;1;0;5;50;0;32;82;-16;-20;-19;0;-55;30;-20;12;22
TA SO CCAN PASAR REBO WH;120;20;20;20;0;60;20;20;20;60;25;2;16;0;43;48;0;12;60;5;-18;-4;0;-17;28;-20;-8;0
TA SO CCAN PENGGILINGAN WH;125;20;20;20;0;60;20;25;20;65;5;4;1;0;10;55;0;32;87;-15;-16;-19;0;-50;35;-25;12;22
TA SO CCAN RAWAMANGUN WH;120;20;20;20;0;60;20;20;20;60;2;11;3;0;16;99;0;36;135;-18;-9;-17;0;-44;79;-20;16;75
TA SO CCAN CAWANG WH;45;10;10;5;0;25;5;10;5;20;20;14;26;0;60;45;0;17;62;10;4;21;0;35;40;-10;12;42
TA SO CCAN KLENDER WH;45;10;10;5;0;25;5;10;5;20;53;7;18;0;78;59;0;18;77;43;-3;13;0;53;54;-10;13;57
TA SO CCAN KRANGGAN WH;45;10;10;5;0;25;5;5;10;20;37;33;38;0;108;61;0;55;116;27;23;33;0;83;56;-5;45;96
TA SO CCAN PONDOK KELAPA WH;210;50;50;50;0;150;20;20;20;60;0;0;0;0;0;0;0;0;0;-50;-50;-50;0;-150;-20;-20;-20;-60
TA WITEL CCAN JAKARTA UTARA WH;405;75;100;75;0;250;20;75;60;155;0;0;0;0;0;341;0;73;414;-75;-100;-75;0;-250;321;-75;13;259
TA SO CCAN KELAPA GADING WH;80;0;20;20;0;40;0;20;20;40;1;1;5;0;7;0;0;21;21;1;-19;-15;0;-33;0;-20;1;-19
TA SO CCAN MANGGA BESAR WH;105;0;20;30;0;50;0;20;35;55;2;1;16;0;19;15;0;43;58;2;-19;-14;0;-31;15;-20;8;3
TA SO CCAN MUARA KARANG WH;125;20;20;20;0;60;20;25;20;65;7;1;0;0;8;34;0;19;53;-13;-19;-20;0;-52;14;-25;-1;-12
TA SO CCAN TANJUNG PRIOK WH;90;0;20;20;0;40;0;25;25;50;2;0;3;0;5;4;0;52;56;2;-20;-17;0;-35;4;-25;27;6
TA SO CCAN CILINCING WH;70;0;10;10;0;20;0;25;25;50;6;0;2;0;8;6;0;29;35;6;-10;-8;0;-12;6;-25;4;-15
TA SO CCAN KOTA WH;40;0;10;10;0;20;0;5;15;20;8;0;0;0;8;1;0;2;3;8;-10;-10;0;-12;1;-5;-13;-17
TA SO CCAN PADEMANGAN WH;40;0;0;20;0;20;0;0;20;20;6;5;3;0;14;11;0;26;37;6;5;-17;0;-6;11;0;6;17
TA SO CCAN SUNTER WH;200;0;75;75;0;150;0;0;50;50;13;1;24;0;38;3;0;63;66;13;-74;-51;0;-112;3;0;13;16
TA WITEL CCAN BANTEN BARAT (SERANG) WH;400;150;50;50;0;250;50;50;50;150;70;0;20;0;90;168;0;0;168;-80;-50;-30;0;-160;118;-50;-50;18
TA SO CCAN CIKUPA WH;120;20;20;20;0;60;20;20;20;60;4;2;49;0;55;34;0;9;43;-16;-18;29;0;-5;14;-20;-11;-17
TA SO CCAN CILEGON WH;120;20;20;20;0;60;20;20;20;60;4;0;22;0;26;7;0;20;27;-16;-20;2;0;-34;-13;-20;0;-33
TA SO CCAN MALIMPING WH;45;10;10;5;0;25;0;0;20;20;6;19;13;0;38;26;0;10;36;-4;9;8;0;13;26;0;-10;16
TA SO CCAN MENES WH;40;10;5;5;0;20;5;5;10;20;38;0;12;0;50;10;0;27;37;28;-5;7;0;30;5;-5;17;17
TA SO CCAN PANDEGLANG WH;80;20;0;20;0;40;20;0;20;40;10;34;0;0;44;41;0;7;48;-10;34;-20;0;4;21;0;-13;8
TA SO CCAN RANGKASBITUNG WH;200;75;0;75;0;150;20;0;30;50;61;0;4;0;65;3;0;22;25;-14;0;-71;0;-85;-17;0;-8;-25
TA SO CCAN SERANG WH;210;20;20;20;0;60;75;40;35;150;6;0;33;0;39;101;0;29;130;-14;-20;13;0;-21;26;-40;-6;-20
TA WITEL CCAN BANTEN TIMUR (TANGERANG) WH;400;150;50;50;0;250;50;50;50;150;0;0;0;0;0;242;0;6;248;-150;-50;-50;0;-250;192;-50;-44;98
TA SO CCAN CILEDUG WH;120;20;20;20;0;60;20;20;20;60;87;3;2;0;92;48;0;15;63;67;-17;-18;0;32;28;-20;-5;3
TA SO CCAN CIPONDOH WH;65;10;5;10;0;25;15;5;20;40;2;0;15;0;17;0;0;15;15;-8;-5;5;0;-8;-15;-5;-5;-25
TA SO CCAN CIPUTAT WH;205;20;20;20;0;60;60;20;65;145;2;0;13;0;15;112;0;78;190;-18;-20;-7;0;-45;52;-20;13;45
TA SO CCAN GANDASARI WH;70;15;5;15;0;35;15;5;15;35;0;0;0;0;0;0;0;0;0;-15;-5;-15;0;-35;-15;-5;-15;-35
TA SO CCAN LEGOK WH;95;20;0;30;0;50;20;0;25;45;7;1;4;0;12;29;0;7;36;-13;1;-26;0;-38;9;0;-18;-9
TA SO CCAN LENGKONG WH;85;0;20;20;0;40;0;20;25;45;0;0;0;0;0;3;0;28;31;0;-20;-20;0;-40;3;-20;3;-14
TA SO CCAN PAKULONAN;40;0;10;15;0;25;0;5;10;15;0;0;0;0;0;0;0;0;0;0;-10;-15;0;-25;0;-5;-10;-15
TA SO CCAN PASAR KEMIS WH;45;0;10;15;0;25;0;0;20;20;32;2;9;0;43;1;0;0;1;32;-8;-6;0;18;1;0;-20;-19
TA SO CCAN PONDOK AREN WH;45;0;10;10;0;20;0;10;15;25;11;0;2;0;13;0;0;17;17;11;-10;-8;0;-7;0;-10;2;-8
TA SO CCAN SERPONG WH;210;50;50;50;0;150;20;20;20;60;1;1;8;0;10;37;0;37;74;-49;-49;-42;0;-140;17;-20;17;14
TA SO CCAN TANGERANG WH;80;0;20;20;0;40;0;20;20;40;17;3;4;0;24;0;0;0;0;17;-17;-16;0;-16;0;-20;-20;-40
WH TR TREG 3;0;0;0;0;0;0;0;0;0;0;0;0;0;0;0;0;0;0;0;0;0;0;0;0;0;0;0;0
TA WITEL CCAN JABAR SELATAN (SUKABUMI) WH;355;150;70;20;0;240;65;30;20;115;100;23;810;0;933;144;0;0;144;-50;-47;790;0;693;79;-30;-20;29
TA SO CCAN CIANJUR WH;120;20;20;20;0;60;20;20;20;60;0;30;31;0;61;21;0;0;21;-20;10;11;0;1;1;-20;-20;-39
TA SO CCAN SINDANGLAYA WH;120;20;20;20;0;60;20;20;20;60;0;2;73;0;75;14;0;29;43;-20;-18;53;0;15;-6;-20;9;-17
TA SO CCAN PELABUHAN RATU WH;40;0;0;20;0;20;0;0;20;20;0;16;51;0;67;4;0;20;24;0;16;31;0;47;4;0;0;4
TA SO CCAN CIBADAK WH;180;0;0;120;0;120;0;0;60;60;0;0;34;0;34;0;0;51;51;0;0;-86;0;-86;0;0;-9;-9
TA SO CCAN SUKABUMI WH;200;50;50;50;0;150;20;10;20;50;1;0;44;0;45;19;0;0;19;-49;-50;-6;0;-105;-1;-10;-20;-31
TA WITEL CCAN JABAR TENGAH (BANDUNG) WH;455;75;100;75;0;250;160;20;25;205;20;160;1747;0;1927;176;0;0;176;-55;60;1672;0;1677;16;-20;-25;-29
TA SO CCAN CIJAURA WH;125;25;20;20;0;65;20;20;20;60;2;21;29;0;52;17;0;21;38;-23;1;9;0;-13;-3;-20;1;-22
TA SO CCAN SUMEDANG WH;160;0;0;85;0;85;0;0;75;75;39;7;100;0;146;17;0;83;100;39;7;15;0;61;17;0;8;25
TA SO CCAN KOPO WH;105;40;0;20;0;60;25;0;20;45;40;29;16;0;85;39;0;0;39;0;29;-4;0;25;14;0;-20;-6
TA SO CCAN UJUNG BERUNG WH;105;20;0;20;0;40;45;0;20;65;20;20;17;0;57;0;0;21;21;0;20;-3;0;17;-45;0;1;-44
TA SO CCAN GEGERKALONG WH;95;0;20;20;0;40;0;35;20;55;16;14;53;0;83;0;0;9;9;16;-6;33;0;43;0;-35;-11;-46
TA SO CCAN AHMAD YANI WH;60;0;20;20;0;40;0;0;20;20;24;10;27;0;61;9;0;3;12;24;-10;7;0;21;9;0;-17;-8
TA SO CCAN BANDUNG CENTRUM WH;365;0;220;25;0;245;0;95;25;120;20;5;82;0;107;5;0;3;8;20;-215;57;0;-138;5;-95;-22;-112
TA WITEL CCAN JABAR TIMUR (CIREBON) WH;450;0;100;150;0;250;0;100;100;200;0;0;0;384;384;0;0;120;120;0;-100;-150;384;134;0;-100;20;-80
TA SO CCAN PLERED WH;80;0;20;20;0;40;0;20;20;40;0;0;3;0;3;0;0;30;30;0;-20;-17;0;-37;0;-20;10;-10
TA SO CCAN HAURGEULIS WH;80;0;20;20;0;40;0;20;20;40;11;0;7;0;18;0;0;30;30;11;-20;-13;0;-22;0;-20;10;-10
TA SO CCAN INDRAMAYU WH;100;0;0;50;0;50;0;0;50;50;0;0;5;0;5;0;0;76;76;0;0;-45;0;-45;0;0;26;26
TA SO CCAN KADIPATEN WH;100;0;0;50;0;50;0;0;50;50;0;0;39;0;39;1;0;68;69;0;0;-11;0;-11;1;0;18;19
TA SO CCAN KARYAMULYA WH;70;0;0;35;0;35;0;0;35;35;1;0;83;0;84;5;0;39;44;1;0;48;0;49;5;0;4;9
TA SO CCAN CIREBON WH;65;0;0;20;0;20;0;0;45;45;2;0;49;0;51;41;0;0;41;2;0;29;0;31;41;0;-45;-4
TA SO CCAN KUNINGAN WH;70;0;0;35;0;35;0;0;35;35;0;0;119;0;119;0;0;13;13;0;0;84;0;84;0;0;-22;-22
TA SO CCAN MAJALENGKA WH;80;0;0;40;0;40;0;0;40;40;2;0;84;0;86;1;0;40;41;2;0;44;0;46;1;0;0;1
TA SO CCAN SINDANG LAUT WH;155;0;55;30;0;85;0;30;40;70;9;0;57;0;66;0;0;40;40;9;-55;27;0;-19;0;-30;0;-30
TA WITEL CCAN JABAR UTARA (KARAWANG) WH;385;75;100;75;0;250;40;65;30;135;0;0;690;0;690;40;0;40;80;-75;-100;615;0;440;0;-65;10;-55
TA SO CCAN CIKAMPEK WH;120;20;20;20;0;60;20;20;20;60;32;0;61;0;93;39;0;22;61;12;-20;41;0;33;19;-20;2;1
TA SO CCAN KLARI WH;140;0;0;90;0;90;0;0;50;50;37;0;213;0;250;37;0;8;45;37;0;123;0;160;37;0;-42;-5
TA SO CCAN PAMANUKAN WH;120;20;20;20;0;60;20;20;20;60;40;3;36;0;79;48;0;8;56;20;-17;16;0;19;28;-20;-12;-4
TA SO CCAN PURWAKARTA WH;120;20;20;20;0;60;20;20;20;60;31;0;91;0;122;10;0;20;30;11;-20;71;0;62;-10;-20;0;-30
TA SO CCAN RENGASDENGKLOK WH;60;20;20;0;0;40;20;0;0;20;18;8;101;0;127;31;0;0;31;-2;-12;101;0;87;11;0;0;11
TA SO CCAN SUBANG WH;210;30;75;25;0;130;30;30;20;80;10;0;0;0;10;6;0;28;34;-20;-75;-25;0;-120;-24;-30;8;-46
TA WITEL CCAN BANDUNG BARAT WH;400;150;50;50;0;250;50;50;50;150;0;0;30;0;30;98;0;50;148;-150;-50;-20;0;-220;48;-50;0;-2
TA SO CCAN BANJARAN;120;20;20;20;0;60;20;20;20;60;21;0;20;0;41;0;0;18;18;1;-20;0;0;-19;-20;-20;-2;-42
TA SO CCAN CIMAHI WH;120;20;20;20;0;60;20;20;20;60;9;13;41;0;63;29;0;18;47;-11;-7;21;0;3;9;-20;-2;-13
TA SO CCAN LEMBANG WH;120;20;20;20;0;60;20;20;20;60;57;0;33;0;90;42;0;20;62;37;-20;13;0;30;22;-20;0;2
TA SO CCAN MAJALAYA WH;120;20;20;20;0;60;20;20;20;60;19;0;40;0;59;8;0;10;18;-1;-20;20;0;-1;-12;-20;-10;-42
TA SO CCAN PADALARANG WH;120;20;20;20;0;60;20;20;20;60;1;0;31;0;32;16;0;4;20;-19;-20;11;0;-28;-4;-20;-16;-40
TA SO CCAN RAJAWALI WH;200;0;90;20;0;110;0;60;30;90;25;2;36;0;63;6;0;26;32;25;-88;16;0;-47;6;-60;-4;-58
TA WITEL CCAN JABAR TIMSEL (TASIKMALAYA) WH;385;75;100;75;0;250;55;60;20;135;0;0;0;0;0;64;0;10;74;-75;-100;-75;0;-250;9;-60;-10;-61
TA SO CCAN BANJAR WH;80;0;0;40;0;40;0;0;40;40;11;0;108;0;119;0;0;60;60;11;0;68;0;79;0;0;20;20
TA SO CCAN CIAMIS WH;80;0;20;20;0;40;0;20;20;40;28;0;43;0;71;11;0;30;41;28;-20;23;0;31;11;-20;10;1
TA SO CCAN GARUT WH;80;0;0;40;0;40;0;0;40;40;11;10;15;0;36;16;0;55;71;11;10;-25;0;-4;16;0;15;31
TA SO CCAN KARANGNUNGGAL WH;80;0;20;20;0;40;0;20;20;40;35;0;25;0;60;24;0;20;44;35;-20;5;0;20;24;-20;0;4
TA SO CCAN PAMENGPEUK WH;80;0;20;20;0;40;0;20;20;40;10;0;71;0;81;0;0;28;28;10;-20;51;0;41;0;-20;8;-12
TA SO CCAN PANGANDARAN WH;80;0;0;40;0;40;0;0;40;40;1;7;128;0;136;0;0;44;44;1;7;88;0;96;0;0;4;4
TA SO CCAN SINGAPARNA WH;80;0;0;40;0;40;0;0;40;40;0;0;49;0;49;13;0;24;37;0;0;9;0;9;13;0;-16;-3
WH TR TREG 4;0;0;0;0;0;0;0;0;0;0;1;0;0;0;1;0;0;0;0;1;0;0;0;1;0;0;0;0
TA WITEL CCAN DI YOGYAKARTA WH;495;0;100;130;20;250;0;210;35;245;0;0;100;30;130;40;0;230;270;0;-100;-30;10;-120;40;-210;195;25
TA SO CCAN PUGERAN WH;80;0;20;20;0;40;0;20;20;40;5;3;55;52;115;0;0;19;19;5;-17;35;52;75;0;-20;-1;-21
TA SO CCAN SLEMAN WH;80;0;0;35;20;55;0;0;25;25;2;0;46;44;92;0;0;15;15;2;0;11;24;37;0;0;-10;-10
TA SO CCAN KENTUNGAN WH;100;0;20;20;20;60;0;20;20;40;0;0;40;34;74;128;0;9;137;0;-20;20;14;14;128;-20;-11;97
TA SO CCAN KOTABARU WH;140;0;40;40;0;80;0;30;30;60;1;31;35;30;97;0;0;28;28;1;-9;-5;30;17;0;-30;-2;-32
TA SO CCAN BANTUL WH;60;0;0;40;0;40;0;0;20;20;0;0;18;24;42;0;0;18;18;0;0;-22;24;2;0;0;-2;-2
TA SO CCAN KALASAN;295;0;0;195;0;195;0;0;100;100;0;0;0;0;0;0;0;0;0;0;0;-195;0;-195;0;0;-100;-100
TA WITEL CCAN JATENG TIMUR SELATAN (SOLO) WH;490;125;0;105;0;230;140;0;120;260;15;0;10;52;77;174;0;50;224;-110;0;-95;52;-153;34;0;-70;-36
TA SO CCAN KERTEN WH;90;20;0;20;0;40;20;0;30;50;0;0;10;1;11;63;0;8;71;-20;0;-10;1;-29;43;0;-22;21
TA SO CCAN SRAGEN WH;40;0;0;20;0;20;0;0;20;20;28;0;4;0;32;6;0;14;20;28;0;-16;0;12;6;0;-6;0
TA SO CCAN WONOGIRI WH;80;20;0;20;0;40;20;0;20;40;27;20;6;0;53;43;0;10;53;7;20;-14;0;13;23;0;-10;13
TA SO CCAN BOYOLALI WH;80;20;0;20;0;40;20;0;20;40;2;20;20;0;42;49;0;8;57;-18;20;0;0;2;29;0;-12;17
TA SO CCAN KLATEN WH;100;20;0;20;20;60;20;0;20;40;0;19;4;1;24;43;0;6;49;-20;19;-16;-19;-36;23;0;-14;9
TA SO CCAN SUKOHARJO WH;80;20;0;20;0;40;20;0;20;40;3;27;1;0;31;44;0;10;54;-17;27;-19;0;-9;24;0;-10;14
TA SO CCAN GLADAG WH;100;20;20;20;0;60;20;0;20;40;71;4;14;0;89;50;0;11;61;51;-16;-6;0;29;30;0;-9;21
TA SO CCAN GROGOL WH;60;20;20;0;0;40;20;0;0;20;1;17;1;0;19;53;0;10;63;-19;-3;1;0;-21;33;0;10;43
TA SO CCAN KARTOSURO WH;80;20;0;20;0;40;20;0;20;40;30;0;4;0;34;35;0;8;43;10;0;-16;0;-6;15;0;-12;3
TA SO CCAN PALUR WH;80;20;0;20;0;40;20;0;20;40;9;0;0;0;9;39;0;0;39;-11;0;-20;0;-31;19;0;-20;-1
TA SO CCAN KARANGANYAR WH;150;55;0;35;10;100;30;0;20;50;86;119;4;0;209;39;0;20;59;31;119;-31;-10;109;9;0;0;9
TA WITEL CCAN JATENG UTARA (SEMARANG) WH;300;0;65;65;20;150;0;100;50;150;0;0;0;20;20;0;0;50;50;0;-65;-65;0;-130;0;-100;0;-100
TA SO CCAN TUGU WH;80;0;20;20;0;40;0;20;20;40;5;0;1;15;21;35;0;11;46;5;-20;-19;15;-19;35;-20;-9;6
TA SO CCAN JOHAR WH;100;0;20;20;0;40;0;40;20;60;15;0;2;25;42;8;0;20;28;15;-20;-18;25;2;8;-40;0;-32
TA SO CCAN MAJAPAHIT WH;75;0;0;20;20;40;0;0;35;35;10;0;3;26;39;10;0;31;41;10;0;-17;6;-1;10;0;-4;6
TA SO CCAN SIMPANG LIMA WH;60;0;0;20;20;40;0;0;20;20;12;0;11;72;95;10;0;23;33;12;0;-9;52;55;10;0;3;13
TA SO CCAN CANDI WH;40;0;0;20;0;20;0;0;20;20;11;1;8;28;48;5;0;16;21;11;1;-12;28;28;5;0;-4;1
TA SO CCAN UNGARAN WH;40;0;0;20;0;20;0;0;20;20;10;1;2;30;43;16;0;18;34;10;1;-18;30;23;16;0;-2;14
TA SO CCAN SALATIGA WH;145;20;20;20;20;80;25;20;20;65;13;0;0;87;100;17;0;18;35;-7;-20;-20;67;20;-8;-20;-2;-30
TA SO CCAN BANYUMANIK WH;60;0;0;20;20;40;0;0;20;20;7;0;2;30;39;10;0;19;29;7;0;-18;10;-1;10;0;-1;9
TA SO CCAN KENDAL WH;105;0;0;60;20;80;0;0;25;25;8;0;4;52;64;11;0;16;27;8;0;-56;32;-16;11;0;-9;2
TA WITEL CCAN JATENG BARAT SELATAN (PURWOKERTO) WH;140;20;20;20;20;80;20;20;20;60;0;0;0;42;42;18;0;22;40;-20;-20;-20;22;-38;-2;-20;2;-20
TA SO CCAN CILACAP WH;80;20;0;20;0;40;20;0;20;40;36;0;0;0;36;1;0;2;3;16;0;-20;0;-4;-19;0;-18;-37
TA SO CCAN BANJARNEGARA WH;80;20;0;20;0;40;20;0;20;40;17;0;0;0;17;18;0;11;29;-3;0;-20;0;-23;-2;0;-9;-11
TA SO CCAN PURBALINGGA WH;100;20;0;20;20;60;20;0;20;40;15;0;0;39;54;13;0;32;45;-5;0;-20;19;-6;-7;0;12;5
TA SO CCAN KROYA WH;100;20;0;20;20;60;20;0;20;40;0;0;0;38;38;8;0;13;21;-20;0;-20;18;-22;-12;0;-7;-19
TA WITEL CCAN JATENG BARAT UTARA (PEKALONGAN) WH;320;95;75;20;20;210;50;40;20;110;1;0;0;40;41;30;0;23;53;-94;-75;-20;20;-169;-20;-40;3;-57
TA SO CCAN TEGAL WH;40;0;0;20;0;20;0;0;20;20;16;0;2;9;27;10;0;9;19;16;0;-18;9;7;10;0;-11;-1
TA SO CCAN PEMALANG WH;80;20;0;20;0;40;20;0;20;40;14;2;5;2;23;22;0;16;38;-6;2;-15;2;-17;2;0;-4;-2
TA SO CCAN SLAWI WH;100;20;0;20;20;60;20;0;20;40;1;0;0;50;51;18;0;36;54;-19;0;-20;30;-9;-2;0;16;14
TA SO CCAN PEKALONGAN WH;80;20;0;20;0;40;20;0;20;40;7;0;0;67;74;3;0;29;32;-13;0;-20;67;34;-17;0;9;-8
TA SO CCAN BATANG WH;40;0;0;20;0;20;0;0;20;20;1;0;1;0;2;6;0;20;26;1;0;-19;0;-18;6;0;0;6
WH SO RMT KEDUNGWUNI WH;40;0;0;20;0;20;0;0;20;20;0;0;0;0;0;0;0;0;0;0;0;-20;0;-20;0;0;-20;-20
TA WITEL CCAN JATENG SELATAN (MAGELANG) WH;310;160;0;20;20;200;90;0;20;110;0;0;0;0;0;8;0;10;18;-160;0;-20;-20;-200;-82;0;-10;-92
TA SO CCAN PURWOREJO WH;40;0;0;20;0;20;0;0;20;20;38;1;22;5;66;16;0;11;27;38;1;2;5;46;16;0;-9;7
TA SO CCAN WONOSOBO WH;100;20;0;20;20;60;20;0;20;40;17;0;7;2;26;9;0;21;30;-3;0;-13;-18;-34;-11;0;1;-10
TA SO CCAN MUNGKID WH;80;20;0;20;20;60;0;0;20;20;13;1;1;22;37;0;0;0;0;-7;1;-19;2;-23;0;0;-20;-20
TA SO CCAN KEBUMEN WH;40;0;0;20;0;20;0;0;20;20;6;0;1;0;7;1;0;26;27;6;0;-19;0;-13;1;0;6;7
TA SO CCAN TEMANGGUNG WH;220;120;0;20;20;160;40;0;20;60;25;0;27;0;52;29;0;19;48;-95;0;7;-20;-108;-11;0;-1;-12
TA WITEL CCAN JATENG TIMUR (KUDUS) WH;245;115;0;35;0;150;50;0;45;95;0;0;0;0;0;0;0;0;0;-115;0;-35;0;-150;-50;0;-45;-95
TA SO CCAN PURWODADI WH;80;20;0;20;0;40;20;0;20;40;3;0;7;0;10;23;0;23;46;-17;0;-13;0;-30;3;0;3;6
TA SO CCAN JEPARA WH;40;0;0;20;0;20;0;0;20;20;3;2;5;0;10;10;0;12;22;3;2;-15;0;-10;10;0;-8;2
TA SO CCAN DEMAK WH;80;20;0;20;0;40;20;0;20;40;10;8;9;0;27;15;0;20;35;-10;8;-11;0;-13;-5;0;0;-5
TA SO CCAN REMBANG WH;60;20;0;20;0;40;0;0;20;20;7;0;6;0;13;27;0;0;27;-13;0;-14;0;-27;27;0;-20;7
TA SO CCAN PATI WH;80;20;0;20;0;40;20;0;20;40;16;0;3;0;19;5;0;11;16;-4;0;-17;0;-21;-15;0;-9;-24
TA SO CCAN BLORA WH;80;20;0;20;0;40;20;0;20;40;2;3;10;0;15;42;0;0;42;-18;3;-10;0;-25;22;0;-20;2
WH TR TREG 5;0;0;0;0;0;0;0;0;0;0;0;0;0;0;0;0;0;0;0;0;0;0;0;0;0;0;0;0
TA WITEL CCAN BALI SELATAN (DENPASAR) WH;445;0;0;230;20;250;0;0;195;195;25;0;30;186;241;0;0;232;232;25;0;-200;166;-9;0;0;37;37
TA SO CCAN JIMBARAN WH;75;0;0;30;20;50;0;0;25;25;30;12;10;47;99;0;0;39;39;30;12;-20;27;49;0;0;14;14
TA SO CCAN KALIASEM WH;115;0;0;20;20;40;0;0;75;75;1;15;1;34;51;0;0;59;59;1;15;-19;14;11;0;0;-16;-16
TA SO CCAN SANUR WH;60;0;0;20;20;40;0;0;20;20;19;0;26;6;51;24;0;34;58;19;0;6;-14;11;24;0;14;38
TA SO CCAN UBUNG WH;90;0;0;35;20;55;0;0;35;35;2;53;1;24;80;0;0;26;26;2;53;-34;4;25;0;0;-9;-9
TA SO CCAN TOHPATI WH;110;0;0;35;25;60;0;0;50;50;40;14;11;54;119;0;0;48;48;40;14;-24;29;59;0;0;-2;-2
TA WITEL CCAN BALI UTARA (SINGARAJA) WH;280;0;0;165;20;185;0;0;95;95;35;0;0;224;259;0;0;100;100;35;0;-165;204;74;0;0;5;5
TA SO CCAN GIANYAR WH;75;0;0;40;0;40;0;0;35;35;0;0;11;0;11;0;0;31;31;0;0;-29;0;-29;0;0;-4;-4
TA SO CCAN SEMARAPURA WH;135;0;0;75;20;95;0;0;40;40;15;0;73;10;98;47;0;28;75;15;0;-2;-10;3;47;0;-12;35
TA SO CCAN SINGARAJA WH;95;0;0;45;20;65;0;0;30;30;0;0;0;32;32;27;0;31;58;0;0;-45;12;-33;27;0;1;28
TA SO CCAN TABANAN WH;335;0;0;185;0;185;0;0;150;150;0;76;35;0;111;0;0;177;177;0;76;-150;0;-74;0;0;27;27
TA WITEL CCAN MADIUN WH;375;0;100;130;20;250;0;20;105;125;8;7;2;150;167;129;0;138;267;8;-93;-128;130;-83;129;-20;33;142
TA SO CCAN MADIUN WH;60;0;0;20;20;40;0;0;20;20;36;0;11;0;47;0;0;92;92;36;0;-9;-20;7;0;0;72;72
TA SO CCAN PONOROGO WH;65;0;0;35;0;35;0;0;30;30;31;0;0;0;31;0;0;23;23;31;0;-35;0;-4;0;0;-7;-7
TA SO CCAN TUBAN WH;80;0;20;20;0;40;0;20;20;40;45;0;0;0;45;26;0;40;66;45;-20;-20;0;5;26;-20;20;26
TA SO CCAN BOJONEGORO WH;40;0;0;20;0;20;0;0;20;20;39;0;0;0;39;2;0;1;3;39;0;-20;0;19;2;0;-19;-17
TA SO CCAN MAGETAN WH;40;0;0;20;0;20;0;0;20;20;19;0;0;0;19;0;0;34;34;19;0;-20;0;-1;0;0;14;14
TA SO CCAN NGAWI WH;40;0;0;20;0;20;0;0;20;20;3;0;21;0;24;3;0;29;32;3;0;1;0;4;3;0;9;12
TA SO CCAN PACITAN WH;40;0;0;20;0;20;0;0;20;20;10;0;24;0;34;0;0;30;30;10;0;4;0;14;0;0;10;10
TA WITEL CCAN JATIM SELATAN (MALANG) WH;410;0;0;240;20;260;0;0;150;150;0;0;20;162;182;184;0;0;184;0;0;-220;142;-78;184;0;-150;34
TA SO CCAN BLIMBING WH;60;0;0;20;20;40;0;0;20;20;7;0;19;9;35;24;0;13;37;7;0;-1;-11;-5;24;0;-7;17
TA SO CCAN KARANG PLOSO WH;60;0;0;20;20;40;0;0;20;20;0;11;22;0;33;0;0;26;26;0;11;2;-20;-7;0;0;6;6
TA SO CCAN MALANG KOTA WH;95;0;0;45;20;65;0;0;30;30;0;0;30;14;44;0;0;30;30;0;0;-15;-6;-21;0;0;0;0
TA SO CCAN SAWOJAJAR WH;45;0;0;25;0;25;0;0;20;20;0;25;13;0;38;0;0;4;4;0;25;-12;0;13;0;0;-16;-16
TA SO CCAN SINGOSARI WH;60;0;0;20;20;40;0;0;20;20;0;0;61;8;69;0;0;0;0;0;0;41;-12;29;0;0;-20;-20
TA SO CCAN TUREN WH;40;0;0;20;0;20;0;0;20;20;0;0;13;0;13;0;0;10;10;0;0;-7;0;-7;0;0;-10;-10
TA SO CCAN KLOJEN WH;40;0;0;20;0;20;0;0;20;20;26;0;0;0;26;0;0;66;66;26;0;-20;0;6;0;0;46;46
TA SO CCAN KEPANJEN WH;325;0;0;175;0;175;0;0;150;150;86;100;126;0;312;0;0;39;39;86;100;-49;0;137;0;0;-111;-111
TA WITEL CCAN JATIM SELATAN TIMUR (PASURUAN) WH;310;0;90;70;20;180;0;75;55;130;0;0;0;0;0;0;0;60;60;0;-90;-70;-20;-180;0;-75;5;-70
TA SO CCAN PROBOLINGGO WH;150;0;20;20;20;60;0;45;45;90;5;10;25;2;42;0;0;51;51;5;-10;5;-18;-18;0;-45;6;-39
TA SO CCAN PASURUAN WH;100;0;20;20;20;60;0;20;20;40;0;0;30;15;45;24;0;26;50;0;-20;10;-5;-15;24;-20;6;10
TA SO CCAN LUMAJANG WH;200;0;0;100;50;150;0;0;50;50;0;0;26;44;70;0;0;63;63;0;0;-74;-6;-80;0;0;13;13
TA WITEL CCAN JATIM SURABAYA SELATAN;450;0;100;130;20;250;0;100;100;200;50;0;20;200;270;0;0;122;122;50;-100;-110;180;20;0;-100;22;-78
TA SO CCAN DARMO WH;160;0;20;20;20;60;0;50;50;100;0;0;26;0;26;64;0;114;178;0;-20;6;-20;-34;64;-50;64;78
TA SO CCAN GUBENG WH;60;0;0;20;0;20;0;0;40;40;26;0;54;12;92;0;0;45;45;26;0;34;12;72;0;0;5;5
TA SO CCAN INJOKO WH;145;0;20;20;20;60;0;65;20;85;0;0;78;8;86;0;0;39;39;0;-20;58;-12;26;0;-65;19;-46
TA SO CCAN JAGIR WH;80;0;20;20;0;40;0;20;20;40;0;0;76;11;87;0;0;89;89;0;-20;56;11;47;0;-20;69;49
TA SO CCAN MANYAR WH;100;0;20;20;0;40;0;40;20;60;0;0;0;0;0;0;0;0;0;0;-20;-20;0;-40;0;-40;-20;-60
TA SO CCAN RUNGKUT WH;100;0;20;20;0;40;0;40;20;60;0;3;0;0;3;0;0;55;55;0;-17;-20;0;-37;0;-40;35;-5
TA SO CCAN WARU1 WH;100;0;20;20;20;60;0;20;20;40;0;0;0;0;0;0;0;0;0;0;-20;-20;-20;-60;0;-20;-20;-40
TA SO CCAN WARU2 WH;200;0;50;50;50;150;0;30;20;50;41;3;57;0;101;0;0;38;38;41;-47;7;-50;-49;0;-30;18;-12
TA WITEL CCAN JATIM TENGAH (KEDIRI) WH;430;0;0;270;20;290;0;0;140;140;20;0;70;7;97;120;0;150;270;20;0;-200;-13;-193;120;0;10;130
TA SO CCAN BLITAR WH;115;0;0;85;0;85;0;0;30;30;0;1;24;11;36;0;0;28;28;0;1;-61;11;-49;0;0;-2;-2
TA SO CCAN KEDIRI WH;60;0;0;20;20;40;0;0;20;20;0;0;9;10;19;0;0;27;27;0;0;-11;-10;-21;0;0;7;7
TA SO CCAN KERTOSONO WH;50;0;0;30;0;30;0;0;20;20;0;10;9;17;36;0;0;29;29;0;10;-21;17;6;0;0;9;9
TA SO CCAN MOJOROTO WH;55;0;0;35;0;35;0;0;20;20;16;0;4;22;42;0;0;9;9;16;0;-31;22;7;0;0;-11;-11
TA SO CCAN NGANJUK WH;85;0;0;30;0;30;0;0;55;55;0;0;39;8;47;44;0;18;62;0;0;9;8;17;44;0;-37;7
TA SO CCAN PARE (KEDIRI) WH;50;0;0;30;0;30;0;0;20;20;0;0;33;0;33;0;0;31;31;0;0;3;0;3;0;0;11;11
TA SO CCAN TULUNGAGUNG WH;65;0;0;20;20;40;0;0;25;25;41;3;83;0;127;0;0;17;17;41;3;63;-20;87;0;0;-8;-8
TA SO CCAN WALINGI WH;50;0;0;30;0;30;0;0;20;20;0;0;3;41;44;24;0;32;56;0;0;-27;41;14;24;0;12;36
TA SO CCAN TRENGGALEK WH;300;0;0;200;0;200;0;0;100;100;21;14;144;0;179;0;0;114;114;21;14;-56;0;-21;0;0;14;14
TA WITEL CCAN JATIM TENGAH TIMUR (SIDOARJO) WH;450;0;100;130;20;250;0;100;100;200;1;1;2;0;4;121;0;120;241;1;-99;-128;-20;-246;121;-100;20;41
TA SO CCAN SIDOARJO WH;130;0;20;20;20;60;0;35;35;70;2;0;20;8;30;19;0;21;40;2;-20;0;-12;-30;19;-35;-14;-30
TA SO CCAN JOMBANG WH;40;0;0;20;0;20;0;0;20;20;2;0;15;3;20;33;0;2;35;2;0;-5;3;0;33;0;-18;15
TA SO CCAN KRIAN WH;70;0;0;20;20;40;0;0;30;30;1;0;16;0;17;0;0;10;10;1;0;-4;-20;-23;0;0;-20;-20
TA SO CCAN MOJOKERTO WH;40;0;0;20;0;20;0;0;20;20;3;0;18;10;31;13;0;16;29;3;0;-2;10;11;13;0;-4;9
TA SO CCAN PANDAAN WH;325;0;0;175;0;175;0;0;150;150;6;0;12;17;35;72;0;159;231;6;0;-163;17;-140;72;0;9;81
TA WITEL CCAN JATIM TIMUR (JEMBER) WH;275;0;0;165;0;165;0;0;110;110;0;0;0;0;0;8;0;80;88;0;0;-165;0;-165;8;0;-30;-22
TA SO CCAN BANYUWANGI WH;60;0;0;35;0;35;0;0;25;25;3;0;34;0;37;3;0;28;31;3;0;-1;0;2;3;0;3;6
TA SO CCAN JEMBER KOTA WH;50;0;0;20;0;20;0;0;30;30;0;0;16;0;16;40;0;7;47;0;0;-4;0;-4;40;0;-23;17
TA SO CCAN SITUBONDO WH;60;0;0;35;0;35;0;0;25;25;0;0;17;0;17;2;0;17;19;0;0;-18;0;-18;2;0;-8;-6
TA SO CCAN TANGGUL WH;40;0;0;20;0;20;0;0;20;20;0;0;0;0;0;0;0;0;0;0;0;-20;0;-20;0;0;-20;-20
TA SO CCAN BONDOWOSO WH;40;0;0;20;0;20;0;0;20;20;9;1;31;0;41;14;0;0;14;9;1;11;0;21;14;0;-20;-6
TA SO CCAN KALISAT WH;150;0;0;50;60;110;0;0;40;40;1;0;20;0;21;0;0;15;15;1;0;-30;-60;-89;0;0;-25;-25
TA WITEL CCAN MADURA WH;230;0;80;80;0;160;0;35;35;70;40;0;165;0;205;48;0;70;118;40;-80;85;0;45;48;-35;35;48
TA SO CCAN PAMEKASAN WH;80;0;20;20;0;40;0;20;20;40;0;0;90;0;90;0;0;16;16;0;-20;70;0;50;0;-20;-4;-24
TA SO CCAN SUMENEP WH;150;0;50;50;0;100;0;25;25;50;2;8;48;0;58;5;0;29;34;2;-42;-2;0;-42;5;-25;4;-16
TA WITEL CCAN NTB (MATARAM) WH;385;0;0;250;20;270;0;0;115;115;0;0;0;81;81;88;0;0;88;0;0;-250;61;-189;88;0;-115;-27
TA SO CCAN BIMA WH;60;0;0;40;0;40;0;0;20;20;68;78;59;22;227;0;0;59;59;68;78;19;22;187;0;0;39;39
TA SO CCAN SELONG WH;80;0;0;35;20;55;0;0;25;25;20;0;24;51;95;0;0;22;22;20;0;-11;31;40;0;0;-3;-3
TA SO CCAN SUMBAWA WH;80;0;0;35;20;55;0;0;25;25;46;0;22;54;122;0;0;50;50;46;0;-13;34;67;0;0;25;25
TA SO CCAN DOMPU WH;0;0;0;0;0;0;0;0;0;0;0;0;0;0;0;0;0;0;0;0;0;0;0;0;0;0;0;0
TA SO CCAN MATARAM WH;60;0;0;20;20;40;0;0;20;20;0;0;0;0;0;0;0;0;0;0;0;-20;-20;-40;0;0;-20;-20
TA SO CCAN TALIWANG WH;0;0;0;0;0;0;0;0;0;0;0;0;0;0;0;0;0;0;0;0;0;0;0;0;0;0;0;0
TA SO CCAN PRAYA WH;230;0;0;100;40;140;0;0;90;90;0;0;41;94;135;57;0;45;102;0;0;-59;54;-5;57;0;-45;12
TA WITEL CCAN NTT (KUPANG) WH;300;0;0;180;20;200;0;0;100;100;0;20;130;96;246;0;0;90;90;0;20;-50;76;46;0;0;-10;-10
TA SO CCAN ENDE WH;60;0;0;20;20;40;0;0;20;20;22;0;33;32;87;0;0;8;8;22;0;13;12;47;0;0;-12;-12
TA SO CCAN KUPANG WH;0;0;0;0;0;0;0;0;0;0;20;0;19;11;50;0;0;3;3;20;0;19;11;50;0;0;3;3
TA SO CCAN MAUMERE WH;70;0;0;50;0;50;0;0;20;20;47;0;9;0;56;0;0;31;31;47;0;-41;0;6;0;0;11;11
TA SO CCAN WAINGAPU WH;250;0;0;150;0;150;0;0;100;100;10;0;24;5;39;0;0;50;50;10;0;-126;5;-111;0;0;-50;-50
TA WITEL CCAN SURABAYA UTARA WH;450;0;100;130;20;250;0;100;100;200;42;24;18;841;925;240;0;124;364;42;-76;-112;821;675;240;-100;24;164
TA SO CCAN KANDANGAN WH;100;0;20;20;20;60;0;20;20;40;3;0;44;1;48;0;0;33;33;3;-20;24;-19;-12;0;-20;13;-7
TA SO CCAN GRESIK WH;120;0;20;20;20;60;0;30;30;60;32;1;14;92;139;35;0;3;38;32;-19;-6;72;79;35;-30;-27;-22
TA SO CCAN KAPASAN WH;100;0;20;20;0;40;0;30;30;60;0;0;1;5;6;40;0;69;109;0;-20;-19;5;-34;40;-30;39;49
TA SO CCAN KEBALEN WH;110;0;20;20;20;60;0;25;25;50;1;0;2;72;75;0;0;19;19;1;-20;-18;52;15;0;-25;-6;-31
TA SO CCAN LAKARSANTRI WH;100;0;20;20;20;60;0;20;20;40;21;5;8;67;101;25;0;48;73;21;-15;-12;47;41;25;-20;28;33
TA SO CCAN LAMONGAN WH;100;0;20;20;0;40;0;30;30;60;0;1;24;0;25;39;0;15;54;0;-19;4;0;-15;39;-30;-15;-6
TA SO CCAN MERGOYOSO WH;80;0;20;20;0;40;0;20;20;40;0;0;2;0;2;21;0;8;29;0;-20;-18;0;-38;21;-20;-12;-11
TA SO CCAN KALIANAK WH;60;0;0;20;20;40;0;0;20;20;0;0;11;63;74;0;0;29;29;0;0;-9;43;34;0;0;9;9
TA SO CCAN KARANG PILANG WH;100;0;20;20;20;60;0;20;20;40;24;0;47;1;72;0;0;38;38;24;-20;27;-19;12;0;-20;18;-2
TA SO CCAN TANDES WH;100;0;20;20;20;60;0;20;20;40;14;0;1;43;58;19;0;47;66;14;-20;-19;23;-2;19;-20;27;26
WH TR TREG 6;0;0;0;0;0;0;0;0;0;0;0;0;0;0;0;0;0;0;0;0;0;0;0;0;0;0;0;0
TA WITEL CCAN KALBAR (PONTIANAK) WH;420;0;100;130;20;250;0;120;50;170;101;290;76;180;647;56;0;47;103;101;190;-54;160;397;56;-120;-3;-67
TA SO CCAN PONTIANAK 1 WH;70;0;30;15;5;50;0;10;10;20;27;2;39;54;122;24;0;2;26;27;-28;24;49;72;24;-10;-8;6
TA SO CCAN PONTIANAK 2 WH;105;0;25;20;20;65;0;20;20;40;0;0;28;0;28;0;0;21;21;0;-25;8;-20;-37;0;-20;1;-19
TA SO CCAN KETAPANG WH;90;0;25;20;0;45;0;25;20;45;22;1;17;13;53;0;0;21;21;22;-24;-3;13;8;0;-25;1;-24
TA SO CCAN MEMPAWAH WH;70;0;30;0;20;50;0;20;0;20;53;28;50;44;175;24;0;2;26;53;-2;50;24;125;24;-20;2;6
TA SO CCAN NGABANG WH;50;0;30;0;0;30;0;20;0;20;1;39;50;0;90;0;0;3;3;1;9;50;0;60;0;-20;3;-17
TA SO CCAN PUTUS SIBAU WH;60;0;20;0;20;40;0;20;0;20;31;37;50;62;180;24;0;14;38;31;17;50;42;140;24;-20;14;18
TA SO CCAN SAMBAS WH;60;0;20;0;20;40;0;20;0;20;3;4;69;17;93;0;0;11;11;3;-16;69;-3;53;0;-20;11;-9
TA SO CCAN SANGGAU WH;85;0;25;20;0;45;0;20;20;40;21;36;45;0;102;0;0;47;47;21;11;25;0;57;0;-20;27;7
TA SO CCAN SIANTAN WH;105;0;25;20;20;65;0;20;20;40;20;22;6;52;100;0;0;41;41;20;-3;-14;32;35;0;-20;21;1
TA SO CCAN SINGKAWANG WH;100;0;20;20;20;60;0;20;20;40;9;2;0;48;59;0;0;11;11;9;-18;-20;28;-1;0;-20;-9;-29
TA SO CCAN SINTANG WH;100;0;20;20;20;60;0;20;20;40;79;21;47;42;189;0;0;34;34;79;1;27;22;129;0;-20;14;-6
TA WITEL CCAN KALSEL (BANJARMASIN) WH;395;0;100;130;20;250;0;115;30;145;30;40;0;166;236;225;0;22;247;30;-60;-130;146;-14;225;-115;-8;102
TA SO CCAN BANJARMASIN 1 WH;55;0;20;10;5;35;0;5;15;20;1;50;0;0;51;0;0;53;53;1;30;-10;-5;16;0;-5;38;33
TA SO CCAN BANJARMASIN 2 WH;105;0;25;20;20;65;0;20;20;40;0;7;0;4;11;4;0;5;9;0;-18;-20;-16;-54;4;-20;-15;-31
TA SO CCAN KANDANGAN WH(REG6);45;0;15;5;5;25;0;15;5;20;0;0;0;0;0;0;0;0;0;0;-15;-5;-5;-25;0;-15;-5;-20
TA SO CCAN AMUNTAI WH;80;0;20;20;0;40;0;20;20;40;19;20;47;0;86;1;0;19;20;19;0;27;0;46;1;-20;-1;-20
TA SO CCAN BANJARBARU WH;145;0;35;20;20;75;0;50;20;70;18;56;50;75;199;0;0;87;87;18;21;30;55;124;0;-50;67;17
WH SO RMT MARABAHAN;45;0;20;0;0;20;0;25;0;25;0;0;0;0;0;0;0;0;0;0;-20;0;0;-20;0;-25;0;-25
TA SO CCAN BARABAI WH;75;0;35;0;20;55;0;20;0;20;7;0;7;25;39;24;0;2;26;7;-35;7;5;-16;24;-20;2;6
TA SO CCAN BATULICIN WH;105;0;25;20;20;65;0;20;20;40;0;31;2;0;33;1;0;29;30;0;6;-18;-20;-32;1;-20;9;-10
WH SO CCAN PLAIHARI;70;0;30;0;20;50;0;20;0;20;0;0;0;0;0;0;0;0;0;0;-30;0;-20;-50;0;-20;0;-20
TA SO CCAN RANTAU WH;65;0;25;0;20;45;0;20;0;20;0;0;18;39;57;24;0;21;45;0;-25;18;19;12;24;-20;21;25
TA SO CCAN SATUI WH;80;0;40;0;20;60;0;20;0;20;51;10;27;36;124;26;0;18;44;51;-30;27;16;64;26;-20;18;24
WH SO CCAN TANJUNG TABALONG;100;0;20;20;20;60;0;20;20;40;0;0;0;0;0;0;0;0;0;0;-20;-20;-20;-60;0;-20;-20;-40
WH SO RMT PARINGIN;100;0;20;20;20;60;0;20;20;40;0;0;0;0;0;0;0;0;0;0;-20;-20;-20;-60;0;-20;-20;-40
TA WITEL CCAN KALTENG (PALANGKARAYA) WH;365;170;0;40;20;230;110;0;25;135;390;40;50;144;624;232;0;71;303;220;40;10;124;394;122;0;46;168
TA SO CCAN PALANGKARAYA 1 WH;100;20;0;20;20;60;20;0;20;40;24;0;84;56;164;18;0;58;76;4;0;64;36;104;-2;0;38;36
TA SO CCAN PANGKALANBUN WH;100;20;0;20;20;60;20;0;20;40;54;28;40;37;159;46;0;28;74;34;28;20;17;99;26;0;8;34
TA SO CCAN BUNTOK WH;50;20;0;0;0;20;30;0;0;30;14;0;19;2;35;41;0;20;61;-6;0;19;2;15;11;0;20;31
TA SO CCAN KUALA KAPUAS WH;80;40;0;0;20;60;20;0;0;20;34;120;49;53;256;12;0;39;51;-6;120;49;33;196;-8;0;39;31
WH SO RMT PULANG PISAU;60;20;0;20;0;40;0;0;20;20;0;0;0;0;0;0;0;0;0;-20;0;-20;0;-40;0;0;-20;-20
TA SO CCAN KUALA KURUN WH;65;25;0;0;20;45;20;0;0;20;118;0;30;24;172;57;0;23;80;93;0;30;4;127;37;0;23;60
TA SO CCAN KUALA PEMBUANG WH;60;20;0;0;20;40;20;0;0;20;72;0;150;52;274;29;0;45;74;52;0;150;32;234;9;0;45;54
TA SO CCAN LAMANDAU WH;75;35;0;0;20;55;20;0;0;20;95;0;30;47;172;30;0;37;67;60;0;30;27;117;10;0;37;47
TA SO CCAN MUARA TEWEH WH;100;20;0;20;20;60;20;0;20;40;81;32;16;28;157;28;0;26;54;61;32;-4;8;97;8;0;6;14
TA SO CCAN PALANGKARAYA 2 WH;100;20;0;20;20;60;20;0;20;40;46;37;0;43;126;41;0;24;65;26;37;-20;23;66;21;0;4;25
TA SO CCAN PURUK CAHU WH;90;30;0;20;0;50;20;0;20;40;85;0;51;0;136;38;0;48;86;55;0;31;0;86;18;0;28;46
TA SO CCAN SAMPIT WH;250;50;0;50;50;150;80;0;20;100;67;34;67;142;310;55;0;51;106;17;34;17;92;160;-25;0;31;6
TA SO CCAN TAMIYANG LAYANG WH;100;60;0;0;0;60;40;0;0;40;226;0;28;4;258;46;0;23;69;166;0;28;4;198;6;0;23;29
TA WITEL CCAN BALIKPAPAN WH;470;75;80;75;20;250;20;100;100;220;548;60;0;272;880;227;0;50;277;473;-20;-75;252;630;207;-100;-50;57
TA SO CCAN BALIKPAPAN BARU WH;75;5;10;10;5;30;5;20;20;45;0;0;0;67;67;4;0;15;19;-5;-10;-10;62;37;-1;-20;-5;-26
TA SO CCAN BALIKPAPAN 2 WH;140;20;20;20;20;80;20;20;20;60;0;6;4;93;103;77;0;0;77;-20;-14;-16;73;23;57;-20;-20;17
TA SO CCAN KS TUBUN WH;80;0;20;20;0;40;0;20;20;40;1;0;13;42;56;30;0;0;30;1;-20;-7;42;16;30;-20;-20;-10
TA SO CCAN LONGIKIS WH;80;0;20;20;0;40;0;20;20;40;0;30;13;0;43;27;0;20;47;0;10;-7;0;3;27;-20;0;7
TA SO CCAN MANGGAR WH;45;0;0;25;0;25;0;0;20;20;0;15;15;0;30;2;0;0;2;0;15;-10;0;5;2;0;-20;-18
TA SO CCAN MUARA JAWA WH;85;0;20;20;0;40;0;25;20;45;40;5;50;0;95;58;0;14;72;40;-15;30;0;55;58;-25;-6;27
TA SO CCAN PENAJAM PASER UTARA WH;80;0;20;20;0;40;0;20;20;40;16;0;9;24;49;3;0;22;25;16;-20;-11;24;9;3;-20;2;-15
TA SO CCAN TANAH GEROGOT WH;100;0;20;20;20;60;0;20;20;40;1;0;8;51;60;17;0;32;49;1;-20;-12;31;0;17;-20;12;9
TA WITEL CCAN KALTIMTENG (SAMARINDA) WH;460;100;0;130;20;250;105;0;105;210;108;0;70;180;358;147;0;120;267;8;0;-60;160;108;42;0;15;57
TA SO CCAN BONTANG WH;80;20;0;20;0;40;20;0;20;40;12;0;66;0;78;26;0;40;66;-8;0;46;0;38;6;0;20;26
TA SO CCAN SAMARINDA 1 WH;80;20;0;20;0;40;20;0;20;40;92;78;39;41;250;18;0;36;54;72;78;19;41;210;-2;0;16;14
TA SO CCAN SAMARINDA 2 WH;50;15;0;10;0;25;15;0;10;25;3;54;4;9;70;21;0;2;23;-12;54;-6;9;45;6;0;-8;-2
TA SO CCAN SANGATA WH;100;20;0;20;20;60;20;0;20;40;29;29;45;30;133;48;0;110;158;9;29;25;10;73;28;0;90;118
WH SO RMT BENGALON;40;20;0;0;0;20;20;0;0;20;0;0;0;0;0;0;0;0;0;-20;0;0;0;-20;-20;0;0;-20
TA SO CCAN TENGGARONG WH;85;25;0;20;0;45;20;0;20;40;18;32;107;0;157;42;0;88;130;-7;32;87;0;112;22;0;68;90
WH SO RMT KOTA BANGUN;0;0;0;0;0;0;0;0;0;0;0;0;0;0;0;0;0;0;0;0;0;0;0;0;0;0;0;0
TA SO CCAN MELAK WH;100;20;0;20;20;60;20;0;20;40;21;5;12;42;80;37;0;90;127;1;5;-8;22;20;17;0;70;87
TA SO CCAN WAHAU WH;170;45;0;35;20;100;40;0;30;70;63;80;30;34;207;78;0;56;134;18;80;-5;14;107;38;0;26;64
TA WITEL CCAN KALTIMUT (TARAKAN) WH;335;120;0;20;20;160;150;0;25;175;130;60;0;186;376;291;0;130;421;10;60;-20;166;216;141;0;105;246
TA SO CCAN BERAU WH;85;25;0;20;0;45;20;0;20;40;44;6;7;9;66;36;0;39;75;19;6;-13;9;21;16;0;19;35
TA SO CCAN MALINAU WH;80;35;0;0;20;55;25;0;0;25;77;13;164;73;327;34;0;169;203;42;13;164;53;272;9;0;169;178
WH SO RMT KTT;60;20;0;0;20;40;0;0;20;20;0;0;0;0;0;0;0;0;0;-20;0;0;-20;-40;0;0;-20;-20
TA SO CCAN NUNUKAN WH;55;35;0;0;0;35;20;0;0;20;18;0;0;0;18;33;0;12;45;-17;0;0;0;-17;13;0;12;25
TA SO CCAN TANJUNG SELOR WH;80;20;0;20;0;40;20;0;20;40;6;6;4;0;16;12;0;61;73;-14;6;-16;0;-24;-8;0;41;33
TA SO CCAN SEBATIK WH;40;20;0;0;0;20;20;0;0;20;44;25;30;0;99;69;0;30;99;24;25;30;0;79;49;0;30;79
TA SO CCAN TARAKAN 1 WH;150;70;0;30;0;100;30;0;20;50;52;40;54;0;146;32;0;73;105;-18;40;24;0;46;2;0;53;55
TA SO CCAN TARAKAN 2 WH;150;50;0;50;0;100;30;0;20;50;131;9;47;0;187;45;0;72;117;81;9;-3;0;87;15;0;52;67
WH TR TREG 7;0;0;0;0;0;0;0;0;0;0;0;0;0;10;10;0;0;0;0;0;0;0;10;10;0;0;0;0
TA WITEL CCAN MALUKU (AMBON) WH;320;0;0;180;20;200;0;0;120;120;50;0;35;347;432;80;0;100;180;50;0;-145;327;232;80;0;-20;60
TA SO CCAN MALUKU (AMBON) WH;150;0;0;50;50;100;0;0;50;50;0;0;0;0;0;0;0;0;0;0;0;-50;-50;-100;0;0;-50;-50
TA SO CCAN MASOHI WH;75;0;0;25;20;45;0;0;30;30;4;0;47;12;63;0;0;41;41;4;0;22;-8;18;0;0;11;11
TA SO CCAN TUAL WH;165;0;0;115;0;115;0;0;50;50;61;0;42;0;103;100;0;49;149;61;0;-73;0;-12;100;0;-1;99
TA WITEL CCAN PAPUA (JAYAPURA) WH;300;0;0;205;0;205;0;0;95;95;0;0;30;162;192;30;0;120;150;0;0;-175;162;-13;30;0;25;55
TA SO CCAN JAYAPURA WH;45;0;0;20;0;20;0;0;25;25;0;0;15;0;15;11;0;20;31;0;0;-5;0;-5;11;0;-5;6
TA SO CCAN MERAUKE WH;65;0;0;30;0;30;0;0;35;35;30;0;85;42;157;0;0;13;13;30;0;55;42;127;0;0;-22;-22
TA SO CCAN SENTANI WH;55;0;0;30;0;30;0;0;25;25;40;22;40;0;102;0;0;29;29;40;22;10;0;72;0;0;4;4
TA SO CCAN ABEPURA WH;65;0;0;35;0;35;0;0;30;30;3;0;12;0;15;1;0;7;8;3;0;-23;0;-20;1;0;-23;-22
TA SO CCAN TIMIKA WH;160;0;0;110;0;110;0;0;50;50;11;4;77;0;92;27;0;63;90;11;4;-33;0;-18;27;0;13;40
TA WITEL CCAN PAPUA BARAT (SORONG) WH;320;0;0;180;20;200;0;0;120;120;0;0;110;177;287;0;0;70;70;0;0;-70;157;87;0;0;-50;-50
TA SO CCAN FAK FAK WH;80;0;0;35;20;55;0;0;25;25;89;0;31;6;126;32;0;24;56;89;0;-4;-14;71;32;0;-1;31
TA SO CCAN KAIMANA WH;45;0;0;25;0;25;0;0;20;20;34;0;8;0;42;0;0;21;21;34;0;-17;0;17;0;0;1;1
TA SO CCAN BIAK WH;95;0;0;100;25;125;0;0;20;20;60;19;28;24;131;41;0;1;42;60;19;-72;-1;6;41;0;-19;22
TA SO CCAN MANOKWARI WH;35;0;0;100;0;100;0;0;10;10;20;0;0;0;20;15;0;29;44;20;0;-100;0;-80;15;0;19;34
WH SO RMT CCAN BINTUNI;0;0;0;50;0;50;0;0;0;0;0;0;0;0;0;0;0;0;0;0;0;-50;0;-50;0;0;0;0
TA SO CCAN SORONG WH;150;0;0;100;0;100;0;0;50;50;154;0;59;0;213;1;0;12;13;154;0;-41;0;113;1;0;-38;-37
TA WITEL CCAN SULSE BARAT (PARE-PARE) WH;360;100;0;130;20;250;55;0;55;110;0;60;0;126;186;106;0;0;106;-100;60;-130;106;-64;51;0;-55;-4
TA SO CCAN PAREPARE WH;100;20;0;20;20;60;20;0;20;40;1;20;23;61;105;11;0;7;18;-19;20;3;41;45;-9;0;-13;-22
TA SO CCAN MASAMBA WH;60;20;0;0;20;40;20;0;0;20;2;45;2;24;73;15;0;33;48;-18;45;2;4;33;-5;0;33;28
TA SO CCAN RANTEPAO WH;100;20;0;20;20;60;20;0;20;40;12;0;21;24;57;22;0;52;74;-8;0;1;4;-3;2;0;32;34
TA SO CCAN WONOMULYO WH;60;20;0;0;20;40;20;0;0;20;3;0;17;24;44;6;0;5;11;-17;0;17;4;4;-14;0;5;-9
TA SO CCAN MAMUJU WH;60;20;0;20;0;40;0;0;20;20;35;0;8;13;56;18;0;18;36;15;0;-12;13;16;18;0;-2;16
TA SO CCAN PALOPO WH;80;20;0;20;0;40;20;0;20;40;9;0;16;0;25;20;0;28;48;-11;0;-4;0;-15;0;0;8;8
TA SO CCAN SENGKANG WH;150;50;0;30;20;100;0;0;50;50;6;0;7;40;53;8;0;23;31;-44;0;-23;20;-47;8;0;-27;-19
TA WITEL CCAN SULSEL (MAKASSAR) WH;450;100;0;130;20;250;100;0;100;200;38;0;250;192;480;208;0;18;226;-62;0;120;172;230;108;0;-82;26
TA SO CCAN BANTAENG;100;20;0;20;20;60;20;0;20;40;0;0;0;0;0;0;0;0;0;-20;0;-20;-20;-60;-20;0;-20;-40
WH SO RMT BULUKUMBA;0;0;0;0;0;0;0;0;0;0;0;0;0;0;0;0;0;0;0;0;0;0;0;0;0;0;0;0
TA SO CCAN MAROS WH;110;30;0;20;20;70;20;0;20;40;18;0;35;33;86;38;0;12;50;-12;0;15;13;16;18;0;-8;10
TA SO CCAN MATTOANGIN 2 WH;80;20;0;20;20;60;0;0;20;20;91;0;157;27;275;15;0;2;17;71;0;137;7;215;15;0;-18;-3
TA SO CCAN SUDIANG WH;85;25;0;20;20;65;0;0;20;20;12;0;24;30;66;38;0;0;38;-13;0;4;10;1;38;0;-20;18
TA SO CCAN BONE WH;100;20;0;20;20;60;20;0;20;40;25;0;32;18;75;26;0;6;32;5;0;12;-2;15;6;0;-14;-8
TA SO CCAN PANAKUKANG WH;85;25;0;20;20;65;0;0;20;20;82;0;30;38;150;71;0;3;74;57;0;10;18;85;71;0;-17;54
TA SO CCAN SUNGGUMINASA WH;80;20;0;20;20;60;0;0;20;20;75;50;55;56;236;4;0;19;23;55;50;35;36;176;4;0;-1;3
TA SO CCAN TAMALANREA WH;200;80;0;50;20;150;0;0;50;50;211;60;74;35;380;87;0;16;103;131;60;24;15;230;87;0;-34;53
WH SO RMT CCAN PANGKEP;0;0;0;0;0;0;0;0;0;0;0;0;0;0;0;0;0;0;0;0;0;0;0;0;0;0;0;0
WH SO RMT CCAN SINJAI;0;0;0;0;0;0;0;0;0;0;0;0;0;0;0;0;0;0;0;0;0;0;0;0;0;0;0;0
TA WITEL CCAN SULTENG (PALU) WH;365;90;0;75;20;185;100;0;80;180;0;0;0;72;72;99;0;80;179;-90;0;-75;52;-113;-1;0;0;-1
TA SO CCAN TOLI-TOLI WH;100;20;0;20;20;60;20;0;20;40;15;0;34;24;73;35;0;7;42;-5;0;14;4;13;15;0;-13;2
TA SO CCAN LUWUK WH;90;25;0;50;25;100;0;0;20;20;66;0;28;12;106;15;0;9;24;41;0;-22;-13;6;15;0;-11;4
TA SO CCAN PALU WH;85;25;0;20;20;65;0;0;20;20;10;41;37;187;275;129;0;20;149;-15;41;17;167;210;129;0;0;129
WH SO RMT CCAN DONGGALA;0;0;0;0;0;0;0;0;0;0;0;0;0;0;0;0;0;0;0;0;0;0;0;0;0;0;0;0
WH SO RMT PARIGI;0;0;0;0;0;0;0;0;0;0;0;0;0;0;0;0;0;0;0;0;0;0;0;0;0;0;0;0
WH SO RMT TINOMBO;0;0;0;0;0;0;0;0;0;0;0;0;0;0;0;0;0;0;0;0;0;0;0;0;0;0;0;0
WH SO RMT CCAN  KOTARAYA;0;0;0;0;0;0;0;0;0;0;0;0;0;0;0;0;0;0;0;0;0;0;0;0;0;0;0;0
WH SO RMT CCAN  MOUTONG;0;0;0;0;0;0;0;0;0;0;0;0;0;0;0;0;0;0;0;0;0;0;0;0;0;0;0;0
TA SO CCAN POSO WH;105;50;0;50;20;120;20;0;20;40;22;0;62;23;107;43;0;4;47;-28;0;12;3;-13;23;0;-16;7
WH SO RMT AMPANA;0;0;0;0;0;0;0;0;0;0;0;0;0;0;0;0;0;0;0;0;0;0;0;0;0;0;0;0
WH SO RMT BUNGKU;0;0;0;0;0;0;0;0;0;0;0;0;0;0;0;0;0;0;0;0;0;0;0;0;0;0;0;0
TA WITEL CCAN SULTRA (KENDARI) WH;270;90;0;70;20;180;50;0;40;90;80;45;40;90;255;64;0;0;64;-10;45;-30;70;75;14;0;-40;-26
TA SO CCAN KENDARI WH;100;20;0;20;20;60;20;0;20;40;40;32;11;26;109;24;0;13;37;20;32;-9;6;49;4;0;-7;-3
WH SO INV UNAAHA WH;0;0;0;0;0;0;0;0;0;0;0;0;0;0;0;0;0;0;0;0;0;0;0;0;0;0;0;0
TA SO CCAN BAUBAU WH;100;20;0;20;20;60;20;0;20;40;26;0;24;18;68;17;0;18;35;6;0;4;-2;8;-3;0;-2;-5
TA SO CCAN KOLAKA WH;185;115;0;0;20;135;0;0;50;50;86;0;20;27;133;0;0;55;55;-29;0;20;7;-2;0;0;5;5
TA WITEL CCAN SULUT (GORONTALO) WH;335;60;0;60;20;140;100;0;95;195;55;50;0;198;303;56;0;84;140;-5;50;-60;178;163;-44;0;-11;-55
TA SO CCAN GORONTALO WH;80;20;0;20;20;60;0;0;20;20;4;0;24;50;78;9;0;4;13;-16;0;4;30;18;9;0;-16;-7
TA SO CCAN LIMBOTO WH;80;20;0;20;0;40;20;0;20;40;0;50;5;0;55;30;0;10;40;-20;50;-15;0;15;10;0;-10;0
TA SO CCAN MARISA WH;200;100;0;50;0;150;0;0;50;50;124;0;56;0;180;52;0;0;52;24;0;6;0;30;52;0;-50;2
TA WITEL CCAN SULUT (MANADO) WH;405;100;0;130;20;250;80;0;75;155;0;0;0;0;0;0;0;0;0;-100;0;-130;-20;-250;-80;0;-75;-155
TA SO CCAN MINAHASA WH;80;20;0;20;20;60;0;0;20;20;4;45;21;22;92;2;0;35;37;-16;45;1;2;32;2;0;15;17
TA SO CCAN TERNATE WH;100;20;0;30;20;70;20;0;20;40;34;0;43;38;115;37;0;3;40;14;0;13;18;45;17;0;-17;0
TA SO CCAN KOTAMOBAGU WH;100;30;0;30;20;80;20;0;20;40;24;0;15;22;61;21;0;16;37;-6;0;-15;2;-19;1;0;-4;-3
TA SO CCAN BITUNG WH;100;20;0;20;20;60;20;0;20;40;6;0;12;26;44;2;0;25;27;-14;0;-8;6;-16;-18;0;5;-13
TA SO CCAN HALMAHERA UTARA WH;100;40;0;50;5;95;40;0;0;40;18;0;9;10;37;28;0;0;28;-22;0;-41;5;-58;-12;0;0;-12
TA SO CCAN SAMBOJA WH ;100;0;25;15;20;60;0;20;20;40;0;0;0;0;0;0;0;0;0;0;-25;-15;-20;-60;0;-20;-20;-40
TA SO CCAN GENTENG WH;60;0;0;20;20;40;0;0;20;20;7;0;24;48;79;8;0;7;15;7;0;4;28;39;8;0;-13;-5
TA SO RMT CCAN JENGGAWAH WH;70;0;0;30;20;50;0;0;20;20;0;0;0;0;0;0;0;0;0;0;0;-30;-20;-50;0;0;-20;-20
TA SO CCAN BAMBE WH;50;0;0;30;0;30;0;0;20;20;0;0;31;0;31;14;0;9;23;0;0;1;0;1;14;0;-11;3
TA SO CCAN KENJERAN WH;50;0;0;30;0;30;0;0;20;20;1;0;13;1;15;19;0;0;19;1;0;-17;1;-15;19;0;-20;-1
TA SO CCAN KOTABARU (BANJARMASIN) WH;80;0;0;0;50;50;0;0;30;30;0;0;0;0;0;0;0;0;0;0;0;0;-50;-50;0;0;-30;-30
TA SO CCAN JAMBI WH;100;0;0;50;0;50;0;0;50;50;1;0;40;0;41;51;0;0;51;1;0;-10;0;-9;51;0;-50;1
TA SO CCAN MUARO BUNGO WH;100;0;0;50;0;50;0;0;50;50;0;0;0;0;0;0;0;0;0;0;0;-50;0;-50;0;0;-50;-50
TA SO CCAN BATAM WH;100;0;0;50;0;50;0;0;50;50;11;15;29;0;55;1;0;29;30;11;15;-21;0;5;1;0;-21;-20
TA SO CCAN ACEH WH;0;0;0;0;0;0;0;0;0;0;0;0;0;0;0;0;0;0;0;0;0;0;0;0;0;0;0;0
TA SO CCAN LAMPUNG WH;0;0;0;0;0;0;0;0;0;0;0;1;72;0;73;0;0;19;19;0;1;72;0;73;0;0;19;19
TA SO CCAN MEDAN WH;0;0;0;0;0;0;0;0;0;0;0;0;0;0;0;0;0;0;0;0;0;0;0;0;0;0;0;0
TA SO CCAN BANGKA BELITUNG (PANGKAL PINANG) WH;0;0;0;0;0;0;0;0;0;0;0;0;0;0;0;0;0;0;0;0;0;0;0;0;0;0;0;0
TA SO CCAN PEMATANG SIANTAR WH;0;0;0;0;0;0;0;0;0;0;0;0;0;0;0;0;0;0;0;0;0;0;0;0;0;0;0;0
TA SO CCAN SUKA RAMAI WH;0;0;0;0;0;0;0;0;0;0;1;1;9;0;11;0;0;15;15;1;1;9;0;11;0;0;15;15
TA SO CCAN TANJUNG MORAWA WH;0;0;0;0;0;0;0;0;0;0;1;0;19;0;20;0;0;3;3;1;0;19;0;20;0;0;3;3
TA SO CCAN KARAWANG WH;0;0;0;0;0;0;0;0;0;0;17;2;37;0;56;5;0;14;19;17;2;37;0;56;5;0;14;19
TA SO CCAN TASIKMALAYA WH;0;0;0;0;0;0;0;0;0;0;42;7;30;0;79;8;0;32;40;42;7;30;0;79;8;0;32;40
TA SO CCAN MANADO WH;0;0;0;0;0;0;0;0;0;0;6;0;124;140;270;8;0;23;31;6;0;124;140;270;8;0;23;31
